- Entities:
  - Argument1: 0
    Argument2: 0
    Command: 0
    Level: 0
    Medal: 0
    ObjectId: 9
    PositionX: 2535.054931640625
    PositionY: -944.9993286132812
    PositionZ: -340.54730224609375
    ReactionCommand: 0
    RotationX: 0
    RotationY: 3.0939712524414062
    RotationZ: 0
    Serial: 43
    SpawnArgument: 0
    SpawnDelay: 10
    SpawnRange: 0
    SpawnType: 2
  - Argument1: 0
    Argument2: 0
    Command: 0
    Level: 0
    Medal: 0
    ObjectId: 9
    PositionX: 2570.717041015625
    PositionY: -974.9990844726562
    PositionZ: -642.5872802734375
    ReactionCommand: 0
    RotationX: 0
    RotationY: 3.0939712524414062
    RotationZ: 0
    Serial: 44
    SpawnArgument: 0
    SpawnDelay: 10
    SpawnRange: 0
    SpawnType: 2
  - Argument1: 0
    Argument2: 0
    Command: 0
    Level: 0
    Medal: 0
    ObjectId: 9
    PositionX: 2508.873046875
    PositionY: -1064.9990234375
    PositionZ: -889.923828125
    ReactionCommand: 0
    RotationX: 0
    RotationY: 3.0939712524414062
    RotationZ: 0
    Serial: 45
    SpawnArgument: 0
    SpawnDelay: 10
    SpawnRange: 0
    SpawnType: 2
  - Argument1: 0
    Argument2: 0
    Command: 0
    Level: 0
    Medal: 0
    ObjectId: 9
    PositionX: 2389.945068359375
    PositionY: -1184.9990234375
    PositionZ: -1284.7099609375
    ReactionCommand: 0
    RotationX: 0
    RotationY: 3.0939712524414062
    RotationZ: 0
    Serial: 46
    SpawnArgument: 0
    SpawnDelay: 10
    SpawnRange: 0
    SpawnType: 2
  EventActivators:
  - Flags: 0
    OffBgGroup: 0
    OnBgGroup: 0
    Option: 0
    PositionX: 2585.85498046875
    PositionY: -1091.8182373046875
    PositionZ: -471.23309326171875
    RotationX: 0
    RotationY: -1.1492866277694702
    RotationZ: 0
    ScaleX: 457.4671936035156
    ScaleY: 230.716552734375
    ScaleZ: 375.8909606933594
    Shape: 0
    Type: 0
  - Flags: 0
    OffBgGroup: 0
    OnBgGroup: 0
    Option: 0
    PositionX: 2457.3740234375
    PositionY: -1130.859619140625
    PositionZ: -1096.447998046875
    RotationX: 0
    RotationY: -1.958519458770752
    RotationZ: 0
    ScaleX: 578.2664794921875
    ScaleY: 230.716552734375
    ScaleZ: 404.3411560058594
    Shape: 0
    Type: 0
  Flag: 0
  Id: 246
  ReturnParameters: []
  Signals: []
  Teleport:
    Door: 0
    Place: 0
    Unknown: 0
    World: 0
  Type: 2
  Unk20: 0
  Unk24: 0
  WalkPath: []
