- Entities:
  - Argument1: 44
    Argument2: 0
    Command: 0
    Level: 0
    Medal: 0
    ObjectId: 368
    PositionX: 1231.0340576171875
    PositionY: -1504.9990234375
    PositionZ: -1406.06494140625
    ReactionCommand: 0
    RotationX: 0
    RotationY: 1.2471922636032104
    RotationZ: 0
    Serial: 20
    SpawnArgument: 0
    SpawnDelay: 8
    SpawnRange: 0
    SpawnType: 2
  - Argument1: 44
    Argument2: 0
    Command: 0
    Level: 0
    Medal: 0
    ObjectId: 368
    PositionX: 1119.739013671875
    PositionY: -1484.9990234375
    PositionZ: -1737.8990478515625
    ReactionCommand: 0
    RotationX: 0
    RotationY: 1.2471922636032104
    RotationZ: 0
    Serial: 23
    SpawnArgument: 0
    SpawnDelay: 8
    SpawnRange: 0
    SpawnType: 2
  - Argument1: 1
    Argument2: 0
    Command: 0
    Level: 0
    Medal: 0
    ObjectId: 302
    PositionX: 1088.5260009765625
    PositionY: -1734.9990234375
    PositionZ: -1516.48095703125
    ReactionCommand: 0
    RotationX: 0
    RotationY: 1.2471922636032104
    RotationZ: 0
    Serial: 24
    SpawnArgument: 0
    SpawnDelay: 8
    SpawnRange: 0
    SpawnType: 2
  EventActivators:
  - Flags: 0
    OffBgGroup: 0
    OnBgGroup: 0
    Option: 0
    PositionX: 1017.1530151367188
    PositionY: -1742.6634521484375
    PositionZ: -1366.85595703125
    RotationX: 0
    RotationY: -0.9365099668502808
    RotationZ: 0
    ScaleX: 188.91224670410156
    ScaleY: 215.8314971923828
    ScaleZ: 365.2580871582031
    Shape: 0
    Type: 0
  - Flags: 0
    OffBgGroup: 0
    OnBgGroup: 0
    Option: 0
    PositionX: 1229.0400390625
    PositionY: -1564.1884765625
    PositionZ: -1607.906982421875
    RotationX: 0
    RotationY: -0.04475416988134384
    RotationZ: 0
    ScaleX: 390.7616882324219
    ScaleY: 215.8314971923828
    ScaleZ: 346.7102966308594
    Shape: 0
    Type: 0
  Flag: 0
  Id: 101
  ReturnParameters: []
  Signals: []
  Teleport:
    Door: 0
    Place: 0
    Unknown: 0
    World: 0
  Type: 2
  Unk20: 0
  Unk24: 0
  WalkPath: []
- Entities:
  - Argument1: 1
    Argument2: 0
    Command: 0
    Level: 0
    Medal: 0
    ObjectId: 302
    PositionX: 1852.91796875
    PositionY: -704.9993896484375
    PositionZ: 305.69891357421875
    ReactionCommand: 0
    RotationX: 0
    RotationY: -1.7643097639083862
    RotationZ: 0
    Serial: 25
    SpawnArgument: 0
    SpawnDelay: 0
    SpawnRange: 0
    SpawnType: 2
  EventActivators:
  - Flags: 0
    OffBgGroup: 0
    OnBgGroup: 0
    Option: 0
    PositionX: 1770.5579833984375
    PositionY: -824.1060791015625
    PositionZ: 286.5097961425781
    RotationX: 0
    RotationY: -0.16520199179649353
    RotationZ: 0
    ScaleX: 211.99969482421875
    ScaleY: 230.7165069580078
    ScaleZ: 380.1701965332031
    Shape: 0
    Type: 0
  - Flags: 0
    OffBgGroup: 0
    OnBgGroup: 0
    Option: 0
    PositionX: 1972.4310302734375
    PositionY: -824.1060791015625
    PositionZ: 246.2220001220703
    RotationX: 0
    RotationY: -0.4763968586921692
    RotationZ: 0
    ScaleX: 211.99969482421875
    ScaleY: 230.7165069580078
    ScaleZ: 380.1701965332031
    Shape: 0
    Type: 0
  Flag: 0
  Id: 102
  ReturnParameters: []
  Signals: []
  Teleport:
    Door: 0
    Place: 0
    Unknown: 0
    World: 0
  Type: 2
  Unk20: 0
  Unk24: 0
  WalkPath: []
