- Entities:
  - Argument1: 0
    Argument2: 0
    Command: 0
    Level: 0
    Medal: 0
    ObjectId: 1775
    PositionX: -1154.761962890625
    PositionY: 208.83999633789062
    PositionZ: -649.0709228515625
    ReactionCommand: 0
    RotationX: 0
    RotationY: 0
    RotationZ: 0
    Serial: 13
    SpawnArgument: 0
    SpawnDelay: 0
    SpawnRange: 0
    SpawnType: 2
  - Argument1: 0
    Argument2: 0
    Command: 0
    Level: 0
    Medal: 0
    ObjectId: 3
    PositionX: -1254.761962890625
    PositionY: -196.84800720214844
    PositionZ: -499.0708923339844
    ReactionCommand: 0
    RotationX: 0
    RotationY: 0
    RotationZ: 0
    Serial: 66
    SpawnArgument: 0
    SpawnDelay: 0
    SpawnRange: 0
    SpawnType: 2
  - Argument1: 0
    Argument2: 0
    Command: 0
    Level: 0
    Medal: 0
    ObjectId: 3
    PositionX: -1104.761962890625
    PositionY: -196.84800720214844
    PositionZ: -949.0709228515625
    ReactionCommand: 0
    RotationX: 0
    RotationY: 0
    RotationZ: 0
    Serial: 151
    SpawnArgument: 0
    SpawnDelay: 0
    SpawnRange: 0
    SpawnType: 2
  EventActivators:
  - Flags: 0
    OffBgGroup: 0
    OnBgGroup: 0
    Option: 0
    PositionX: -1133.863037109375
    PositionY: 200
    PositionZ: -696.0172729492188
    RotationX: 0
    RotationY: 0
    RotationZ: 0
    ScaleX: 546.0269775390625
    ScaleY: 200
    ScaleZ: 559.66748046875
    Shape: 1
    Type: 0
  Flag: 0
  Id: 74
  ReturnParameters: []
  Signals: []
  Teleport:
    Door: 0
    Place: 0
    Unknown: 0
    World: 0
  Type: 2
  Unk20: 0
  Unk24: 0
  WalkPath: []
- Entities:
  - Argument1: 0
    Argument2: 0
    Command: 0
    Level: 0
    Medal: 0
    ObjectId: 3
    PositionX: 295.41448974609375
    PositionY: -423.02960205078125
    PositionZ: 481.65521240234375
    ReactionCommand: 0
    RotationX: 0
    RotationY: 0
    RotationZ: 0
    Serial: 51
    SpawnArgument: 0
    SpawnDelay: 0
    SpawnRange: 0
    SpawnType: 2
  - Argument1: 0
    Argument2: 0
    Command: 0
    Level: 0
    Medal: 0
    ObjectId: 1775
    PositionX: 245.4145050048828
    PositionY: -17.887760162353516
    PositionZ: 481.65521240234375
    ReactionCommand: 0
    RotationX: 0
    RotationY: 0
    RotationZ: 0
    Serial: 65
    SpawnArgument: 0
    SpawnDelay: 0
    SpawnRange: 0
    SpawnType: 2
  - Argument1: 0
    Argument2: 0
    Command: 0
    Level: 0
    Medal: 0
    ObjectId: 1849
    PositionX: 295.41448974609375
    PositionY: -523.0294799804688
    PositionZ: 131.6551971435547
    ReactionCommand: 0
    RotationX: 0
    RotationY: 0
    RotationZ: 0
    Serial: 141
    SpawnArgument: 0
    SpawnDelay: 0
    SpawnRange: 0
    SpawnType: 2
  - Argument1: 0
    Argument2: 0
    Command: 0
    Level: 0
    Medal: 0
    ObjectId: 1849
    PositionX: -104.58550262451172
    PositionY: -423.02960205078125
    PositionZ: 631.6552124023438
    ReactionCommand: 0
    RotationX: 0
    RotationY: 0
    RotationZ: 0
    Serial: 142
    SpawnArgument: 0
    SpawnDelay: 0
    SpawnRange: 0
    SpawnType: 2
  - Argument1: 0
    Argument2: 0
    Command: 0
    Level: 0
    Medal: 0
    ObjectId: 1849
    PositionX: 545.4144897460938
    PositionY: -473.02960205078125
    PositionZ: 731.6552124023438
    ReactionCommand: 0
    RotationX: 0
    RotationY: 0
    RotationZ: 0
    Serial: 150
    SpawnArgument: 0
    SpawnDelay: 0
    SpawnRange: 0
    SpawnType: 2
  EventActivators:
  - Flags: 0
    OffBgGroup: 0
    OnBgGroup: 0
    Option: 0
    PositionX: 263.00750732421875
    PositionY: -100
    PositionZ: 506.4573974609375
    RotationX: 0
    RotationY: 0
    RotationZ: 0
    ScaleX: 536.260009765625
    ScaleY: 200
    ScaleZ: 552.1649780273438
    Shape: 1
    Type: 0
  Flag: 0
  Id: 75
  ReturnParameters: []
  Signals: []
  Teleport:
    Door: 0
    Place: 0
    Unknown: 0
    World: 0
  Type: 2
  Unk20: 0
  Unk24: 0
  WalkPath: []
