- Entities:
  - Argument1: 0
    Argument2: 0
    Command: 0
    Level: 0
    Medal: 0
    ObjectId: 1875
    PositionX: -133.70899963378906
    PositionY: -3229.967041015625
    PositionZ: -1022.6389770507812
    ReactionCommand: 0
    RotationX: 0
    RotationY: 0
    RotationZ: 0
    Serial: 7
    SpawnArgument: 0
    SpawnDelay: 0
    SpawnRange: 0
    SpawnType: 2
  - Argument1: 0
    Argument2: 0
    Command: 0
    Level: 0
    Medal: 0
    ObjectId: 1875
    PositionX: 166.29100036621094
    PositionY: -3229.967041015625
    PositionZ: -1022.6389770507812
    ReactionCommand: 0
    RotationX: 0
    RotationY: 0
    RotationZ: 0
    Serial: 8
    SpawnArgument: 0
    SpawnDelay: 25
    SpawnRange: 0
    SpawnType: 2
  - Argument1: 0
    Argument2: 0
    Command: 0
    Level: 0
    Medal: 0
    ObjectId: 1829
    PositionX: 16.290990829467773
    PositionY: -3429.967041015625
    PositionZ: -1022.6389770507812
    ReactionCommand: 0
    RotationX: 0
    RotationY: 0
    RotationZ: 0
    Serial: 9
    SpawnArgument: 0
    SpawnDelay: 0
    SpawnRange: 0
    SpawnType: 2
  EventActivators:
  - Flags: 0
    OffBgGroup: 0
    OnBgGroup: 0
    Option: 0
    PositionX: -1.84381103515625
    PositionY: -3342.44287109375
    PositionZ: -991.7703857421875
    RotationX: 0
    RotationY: 0
    RotationZ: 0
    ScaleX: 420.1054992675781
    ScaleY: 302.1489562988281
    ScaleZ: 400.3295593261719
    Shape: 0
    Type: 0
  Flag: 0
  Id: 41
  ReturnParameters: []
  Signals: []
  Teleport:
    Door: 0
    Place: 0
    Unknown: 0
    World: 0
  Type: 2
  Unk20: 0
  Unk24: 0
  WalkPath: []
- Entities:
  - Argument1: 0
    Argument2: 0
    Command: 0
    Level: 0
    Medal: 0
    ObjectId: 1875
    PositionX: 8.869677543640137
    PositionY: -3829.966064453125
    PositionZ: 492.5805969238281
    ReactionCommand: 0
    RotationX: 0
    RotationY: 0
    RotationZ: 0
    Serial: 13
    SpawnArgument: 0
    SpawnDelay: 30
    SpawnRange: 0
    SpawnType: 2
  - Argument1: 0
    Argument2: 0
    Command: 0
    Level: 0
    Medal: 0
    ObjectId: 1875
    PositionX: -141.1302947998047
    PositionY: -3889.965087890625
    PositionZ: 642.5806274414062
    ReactionCommand: 0
    RotationX: 0
    RotationY: 0
    RotationZ: 0
    Serial: 28
    SpawnArgument: 0
    SpawnDelay: 30
    SpawnRange: 0
    SpawnType: 2
  - Argument1: 0
    Argument2: 0
    Command: 0
    Level: 0
    Medal: 0
    ObjectId: 1875
    PositionX: 158.8697052001953
    PositionY: -3909.965087890625
    PositionZ: 692.5806274414062
    ReactionCommand: 0
    RotationX: 0
    RotationY: 0
    RotationZ: 0
    Serial: 29
    SpawnArgument: 0
    SpawnDelay: 30
    SpawnRange: 0
    SpawnType: 2
  - Argument1: 0
    Argument2: 0
    Command: 0
    Level: 0
    Medal: 0
    ObjectId: 1875
    PositionX: 58.86967849731445
    PositionY: -3969.965087890625
    PositionZ: 842.5806274414062
    ReactionCommand: 0
    RotationX: 0
    RotationY: 0
    RotationZ: 0
    Serial: 30
    SpawnArgument: 0
    SpawnDelay: 30
    SpawnRange: 0
    SpawnType: 2
  EventActivators:
  - Flags: 0
    OffBgGroup: 0
    OnBgGroup: 0
    Option: 0
    PositionX: -1.84381103515625
    PositionY: -4012.902099609375
    PositionZ: 568.5352172851562
    RotationX: 0
    RotationY: 0
    RotationZ: 0
    ScaleX: 420.1054992675781
    ScaleY: 368.30999755859375
    ScaleZ: 558.8049926757812
    Shape: 0
    Type: 0
  Flag: 0
  Id: 42
  ReturnParameters: []
  Signals: []
  Teleport:
    Door: 0
    Place: 0
    Unknown: 0
    World: 0
  Type: 2
  Unk20: 0
  Unk24: 0
  WalkPath: []
