- Entities:
  - Argument1: 0
    Argument2: 0
    Command: 0
    Level: 0
    Medal: 0
    ObjectId: 317
    PositionX: -166.4427947998047
    PositionY: -3290
    PositionZ: -863.1016235351562
    ReactionCommand: 0
    RotationX: 0
    RotationY: 0
    RotationZ: 0
    Serial: 19
    SpawnArgument: 0
    SpawnDelay: 0
    SpawnRange: 0
    SpawnType: 2
  - Argument1: 0
    Argument2: 0
    Command: 0
    Level: 0
    Medal: 0
    ObjectId: 317
    PositionX: 133.5572052001953
    PositionY: -3290
    PositionZ: -863.1016235351562
    ReactionCommand: 0
    RotationX: 0
    RotationY: 0
    RotationZ: 0
    Serial: 20
    SpawnArgument: 0
    SpawnDelay: 0
    SpawnRange: 0
    SpawnType: 2
  - Argument1: 0
    Argument2: 0
    Command: 0
    Level: 0
    Medal: 0
    ObjectId: 311
    PositionX: -16.442800521850586
    PositionY: -3230
    PositionZ: -1013.1019897460938
    ReactionCommand: 0
    RotationX: 0
    RotationY: 0
    RotationZ: 0
    Serial: 21
    SpawnArgument: 0
    SpawnDelay: 0
    SpawnRange: 0
    SpawnType: 2
  EventActivators:
  - Flags: 0
    OffBgGroup: 0
    OnBgGroup: 0
    Option: 0
    PositionX: -1.84381103515625
    PositionY: -3342.44287109375
    PositionZ: -991.7703857421875
    RotationX: 0
    RotationY: 0
    RotationZ: 0
    ScaleX: 420.1054992675781
    ScaleY: 302.1489562988281
    ScaleZ: 400.3295593261719
    Shape: 0
    Type: 0
  Flag: 0
  Id: 89
  ReturnParameters: []
  Signals: []
  Teleport:
    Door: 0
    Place: 0
    Unknown: 0
    World: 0
  Type: 2
  Unk20: 0
  Unk24: 0
  WalkPath: []
- Entities:
  - Argument1: 0
    Argument2: 0
    Command: 0
    Level: 0
    Medal: 0
    ObjectId: 311
    PositionX: -183.14019775390625
    PositionY: -3929.9990234375
    PositionZ: 736.3878784179688
    ReactionCommand: 0
    RotationX: 0
    RotationY: 0
    RotationZ: 0
    Serial: 22
    SpawnArgument: 0
    SpawnDelay: 0
    SpawnRange: 0
    SpawnType: 2
  - Argument1: 0
    Argument2: 0
    Command: 0
    Level: 0
    Medal: 0
    ObjectId: 311
    PositionX: 116.85980224609375
    PositionY: -3929.9990234375
    PositionZ: 736.3878784179688
    ReactionCommand: 0
    RotationX: 0
    RotationY: 0
    RotationZ: 0
    Serial: 23
    SpawnArgument: 0
    SpawnDelay: 25
    SpawnRange: 0
    SpawnType: 2
  - Argument1: 0
    Argument2: 0
    Command: 0
    Level: 0
    Medal: 0
    ObjectId: 311
    PositionX: -183.14019775390625
    PositionY: -3769.9990234375
    PositionZ: 336.3879089355469
    ReactionCommand: 0
    RotationX: 0
    RotationY: 0
    RotationZ: 0
    Serial: 24
    SpawnArgument: 0
    SpawnDelay: 0
    SpawnRange: 0
    SpawnType: 2
  - Argument1: 0
    Argument2: 0
    Command: 0
    Level: 0
    Medal: 0
    ObjectId: 311
    PositionX: 116.85980224609375
    PositionY: -3769.9990234375
    PositionZ: 336.3879089355469
    ReactionCommand: 0
    RotationX: 0
    RotationY: 0
    RotationZ: 0
    Serial: 25
    SpawnArgument: 0
    SpawnDelay: 0
    SpawnRange: 0
    SpawnType: 2
  EventActivators:
  - Flags: 0
    OffBgGroup: 0
    OnBgGroup: 0
    Option: 0
    PositionX: -1.84381103515625
    PositionY: -4012.902099609375
    PositionZ: 568.5352172851562
    RotationX: 0
    RotationY: 0
    RotationZ: 0
    ScaleX: 420.1054992675781
    ScaleY: 368.30999755859375
    ScaleZ: 558.8049926757812
    Shape: 0
    Type: 0
  Flag: 0
  Id: 90
  ReturnParameters: []
  Signals: []
  Teleport:
    Door: 0
    Place: 0
    Unknown: 0
    World: 0
  Type: 2
  Unk20: 0
  Unk24: 0
  WalkPath: []
