- Entities:
  - Argument1: 0
    Argument2: 0
    Command: 0
    Level: 0
    Medal: 0
    ObjectId: 317
    PositionX: 73.13273620605469
    PositionY: -55.42335891723633
    PositionZ: 713.2974243164062
    ReactionCommand: 0
    RotationX: 0
    RotationY: -0.49015915393829346
    RotationZ: 0
    Serial: 53
    SpawnArgument: 0
    SpawnDelay: 25
    SpawnRange: 0
    SpawnType: 2
  - Argument1: 0
    Argument2: 0
    Command: 0
    Level: 0
    Medal: 0
    ObjectId: 313
    PositionX: -79.78050994873047
    PositionY: -177.78990173339844
    PositionZ: 851.5635986328125
    ReactionCommand: 0
    RotationX: 0
    RotationY: -0.49015915393829346
    RotationZ: 0
    Serial: 54
    SpawnArgument: 0
    SpawnDelay: 0
    SpawnRange: 0
    SpawnType: 2
  - Argument1: 0
    Argument2: 0
    Command: 0
    Level: 0
    Medal: 0
    ObjectId: 313
    PositionX: 273.1227111816406
    PositionY: -177.78990173339844
    PositionZ: 663.257080078125
    ReactionCommand: 0
    RotationX: 0
    RotationY: -0.49015915393829346
    RotationZ: 0
    Serial: 103
    SpawnArgument: 0
    SpawnDelay: 0
    SpawnRange: 0
    SpawnType: 2
  EventActivators:
  - Flags: 0
    OffBgGroup: 0
    OnBgGroup: 0
    Option: 0
    PositionX: 102.43099975585938
    PositionY: -200
    PositionZ: 719.8718872070312
    RotationX: 0
    RotationY: -0.4777461886405945
    RotationZ: 0
    ScaleX: 293.9964904785156
    ScaleY: 200
    ScaleZ: 490.05999755859375
    Shape: 0
    Type: 0
  Flag: 0
  Id: 267
  ReturnParameters: []
  Signals: []
  Teleport:
    Door: 0
    Place: 0
    Unknown: 0
    World: 0
  Type: 2
  Unk20: 0
  Unk24: 0
  WalkPath: []
- Entities:
  - Argument1: 0
    Argument2: 0
    Command: 0
    Level: 0
    Medal: 0
    ObjectId: 316
    PositionX: 323.0310974121094
    PositionY: -800
    PositionZ: -604.1680297851562
    ReactionCommand: 0
    RotationX: 0
    RotationY: -2.4596610069274902
    RotationZ: 0
    Serial: 56
    SpawnArgument: 0
    SpawnDelay: 0
    SpawnRange: 0
    SpawnType: 2
  - Argument1: 0
    Argument2: 0
    Command: 0
    Level: 0
    Medal: 0
    ObjectId: 317
    PositionX: 555.9381713867188
    PositionY: 4.064763925271109e-05
    PositionZ: -415.0799865722656
    ReactionCommand: 0
    RotationX: 0
    RotationY: -2.4596610069274902
    RotationZ: 0
    Serial: 57
    SpawnArgument: 0
    SpawnDelay: 0
    SpawnRange: 0
    SpawnType: 2
  - Argument1: 0
    Argument2: 0
    Command: 0
    Level: 0
    Medal: 0
    ObjectId: 317
    PositionX: 90.12410736083984
    PositionY: 1.874566987680737e-05
    PositionZ: -793.2559814453125
    ReactionCommand: 0
    RotationX: 0
    RotationY: -2.4596610069274902
    RotationZ: 0
    Serial: 59
    SpawnArgument: 0
    SpawnDelay: 0
    SpawnRange: 0
    SpawnType: 2
  EventActivators:
  - Flags: 0
    OffBgGroup: 0
    OnBgGroup: 0
    Option: 0
    PositionX: 151.0843963623047
    PositionY: -150
    PositionZ: -424.04290771484375
    RotationX: 0
    RotationY: -0.7306826114654541
    RotationZ: 0
    ScaleX: 206.1278533935547
    ScaleY: 200
    ScaleZ: 470.8906555175781
    Shape: 0
    Type: 0
  - Flags: 0
    OffBgGroup: 0
    OnBgGroup: 0
    Option: 0
    PositionX: 392.74700927734375
    PositionY: -150
    PositionZ: -821.5781860351562
    RotationX: 0
    RotationY: -1.4007469415664673
    RotationZ: 0
    ScaleX: 214.1602020263672
    ScaleY: 200
    ScaleZ: 470.8906555175781
    Shape: 0
    Type: 0
  Flag: 0
  Id: 268
  ReturnParameters: []
  Signals: []
  Teleport:
    Door: 0
    Place: 0
    Unknown: 0
    World: 0
  Type: 2
  Unk20: 0
  Unk24: 0
  WalkPath: []
