- Entities:
  - Argument1: 0
    Argument2: 1
    Command: 0
    Level: 0
    Medal: 0
    ObjectId: 2357
    PositionX: -88.40882110595703
    PositionY: 0
    PositionZ: 800.6823120117188
    ReactionCommand: 0
    RotationX: 0
    RotationY: 0
    RotationZ: 0
    Serial: 9
    SpawnArgument: 0
    SpawnDelay: 0
    SpawnRange: 0
    SpawnType: 0
  - Argument1: 0
    Argument2: 0
    Command: 0
    Level: 0
    Medal: 0
    ObjectId: 566
    PositionX: 0.36214330792427063
    PositionY: 1.907349087559851e-06
    PositionZ: -750.0012817382812
    ReactionCommand: 0
    RotationX: 0
    RotationY: 3.1343495845794678
    RotationZ: 0
    Serial: 10
    SpawnArgument: 0
    SpawnDelay: 0
    SpawnRange: 0
    SpawnType: 0
  - Argument1: 0
    Argument2: 0
    Command: 0
    Level: 0
    Medal: 0
    ObjectId: 567
    PositionX: -100.3594970703125
    PositionY: -1.907349087559851e-06
    PositionZ: -849.2744140625
    ReactionCommand: 0
    RotationX: 0
    RotationY: 3.1343495845794678
    RotationZ: 0
    Serial: 11
    SpawnArgument: 0
    SpawnDelay: 0
    SpawnRange: 0
    SpawnType: 0
  - Argument1: 0
    Argument2: 0
    Command: 0
    Level: 0
    Medal: 0
    ObjectId: 568
    PositionX: 99.6352310180664
    PositionY: -1.907349087559851e-06
    PositionZ: -850.7230224609375
    ReactionCommand: 0
    RotationX: 0
    RotationY: 3.1343495845794678
    RotationZ: 0
    Serial: 12
    SpawnArgument: 0
    SpawnDelay: 0
    SpawnRange: 0
    SpawnType: 0
  - Argument1: 0
    Argument2: 0
    Command: 0
    Level: 0
    Medal: 0
    ObjectId: 364
    PositionX: -882.5936279296875
    PositionY: -500
    PositionZ: 1606.4560546875
    ReactionCommand: 0
    RotationX: 0
    RotationY: -0.007242824882268906
    RotationZ: 0
    Serial: 13
    SpawnArgument: 0
    SpawnDelay: 0
    SpawnRange: 0
    SpawnType: 0
  EventActivators: []
  Flag: 0
  Id: 41
  ReturnParameters: []
  Signals: []
  Teleport:
    Door: 0
    Place: 0
    Unknown: 0
    World: 0
  Type: 2
  Unk20: 0
  Unk24: 0
  WalkPath: []
- Entities: []
  EventActivators:
  - Flags: 0
    OffBgGroup: 0
    OnBgGroup: 0
    Option: 0
    PositionX: 1119.9000244140625
    PositionY: -100
    PositionZ: -630.1618041992188
    RotationX: 0
    RotationY: -0.11938385665416718
    RotationZ: 0
    ScaleX: 421.8185119628906
    ScaleY: 100
    ScaleZ: 485.2770080566406
    Shape: 2
    Type: 0
  Flag: 0
  Id: 42
  ReturnParameters: []
  Signals: []
  Teleport:
    Door: 0
    Place: 0
    Unknown: 0
    World: 0
  Type: 2
  Unk20: 0
  Unk24: 0
  WalkPath: []
- Entities: []
  EventActivators: []
  Flag: 1
  Id: 52
  ReturnParameters: []
  Signals: []
  Teleport:
    Door: 0
    Place: 0
    Unknown: 0
    World: 0
  Type: 5
  Unk20: 0
  Unk24: 0
  WalkPath: []
