- Entities:
  - Argument1: 99
    Argument2: 0
    Command: 0
    Level: 0
    Medal: 0
    ObjectId: 310
    PositionX: 8.477806091308594
    PositionY: 8.867905125953257e-05
    PositionZ: 154.78909301757812
    ReactionCommand: 0
    RotationX: 0
    RotationY: 3.1415927410125732
    RotationZ: 0
    Serial: 56
    SpawnArgument: 0
    SpawnDelay: 120
    SpawnRange: 0
    SpawnType: 2
  - Argument1: 0
    Argument2: 0
    Command: 0
    Level: 0
    Medal: 0
    ObjectId: 311
    PositionX: 8.477832794189453
    PositionY: 8.867905125953257e-05
    PositionZ: -145.21090698242188
    ReactionCommand: 0
    RotationX: 0
    RotationY: 3.1415927410125732
    RotationZ: 0
    Serial: 57
    SpawnArgument: 0
    SpawnDelay: 0
    SpawnRange: 0
    SpawnType: 2
  - Argument1: 0
    Argument2: 0
    Command: 0
    Level: 0
    Medal: 0
    ObjectId: 311
    PositionX: 8.477779388427734
    PositionY: 8.867905125953257e-05
    PositionZ: 454.7890930175781
    ReactionCommand: 0
    RotationX: 0
    RotationY: 3.1415927410125732
    RotationZ: 0
    Serial: 58
    SpawnArgument: 0
    SpawnDelay: 0
    SpawnRange: 0
    SpawnType: 2
  EventActivators:
  - Flags: 0
    OffBgGroup: 0
    OnBgGroup: 0
    Option: 0
    PositionX: 20.4281005859375
    PositionY: -125
    PositionZ: 150.64419555664062
    RotationX: 0
    RotationY: -1.5713796615600586
    RotationZ: 0
    ScaleX: 980.739013671875
    ScaleY: 175
    ScaleZ: 972.8125
    Shape: 0
    Type: 0
  Flag: 0
  Id: 353
  ReturnParameters: []
  Signals: []
  Teleport:
    Door: 0
    Place: 0
    Unknown: 0
    World: 0
  Type: 2
  Unk20: 0
  Unk24: 0
  WalkPath: []
