- Entities:
  - Argument1: 92
    Argument2: 0
    Command: 0
    Level: 0
    Medal: 0
    ObjectId: 1108
    PositionX: 136.04049682617188
    PositionY: -179.84390258789062
    PositionZ: 302.9132080078125
    ReactionCommand: 0
    RotationX: 0
    RotationY: -0.11688468605279922
    RotationZ: 0
    Serial: 137
    SpawnArgument: 0
    SpawnDelay: 0
    SpawnRange: 0
    SpawnType: 1
  EventActivators: []
  Flag: 0
  Id: 403
  ReturnParameters: []
  Signals: []
  Teleport:
    Door: 0
    Place: 0
    Unknown: 0
    World: 0
  Type: 2
  Unk20: 0
  Unk24: 0
  WalkPath: []
