- Entities:
  - Argument1: 0
    Argument2: 0
    Command: 0
    Level: 0
    Medal: 0
    ObjectId: 1670
    PositionX: -125.14299774169922
    PositionY: 0
    PositionZ: -96.63970184326172
    ReactionCommand: 0
    RotationX: 0
    RotationY: 0.9793304204940796
    RotationZ: 0
    Serial: 33
    SpawnArgument: 0
    SpawnDelay: 15
    SpawnRange: 0
    SpawnType: 2
  - Argument1: 0
    Argument2: 0
    Command: 0
    Level: 0
    Medal: 0
    ObjectId: 1670
    PositionX: -166.02479553222656
    PositionY: 0
    PositionZ: 111.51570129394531
    ReactionCommand: 0
    RotationX: 0
    RotationY: 0.9793304204940796
    RotationZ: 0
    Serial: 34
    SpawnArgument: 0
    SpawnDelay: 15
    SpawnRange: 0
    SpawnType: 2
  - Argument1: 0
    Argument2: 0
    Command: 0
    Level: 0
    Medal: 0
    ObjectId: 1670
    PositionX: 68.76078033447266
    PositionY: 0
    PositionZ: -166.64920043945312
    ReactionCommand: 0
    RotationX: 0
    RotationY: 0.9793304204940796
    RotationZ: 0
    Serial: 35
    SpawnArgument: 0
    SpawnDelay: 15
    SpawnRange: 0
    SpawnType: 2
  - Argument1: 0
    Argument2: 0
    Command: 0
    Level: 0
    Medal: 0
    ObjectId: 1670
    PositionX: 208.1553955078125
    PositionY: 0
    PositionZ: 40.881858825683594
    ReactionCommand: 0
    RotationX: 0
    RotationY: 0.9793304204940796
    RotationZ: 0
    Serial: 36
    SpawnArgument: 0
    SpawnDelay: 15
    SpawnRange: 0
    SpawnType: 2
  - Argument1: 0
    Argument2: 0
    Command: 0
    Level: 0
    Medal: 0
    ObjectId: 1670
    PositionX: 70.00949096679688
    PositionY: 0
    PositionZ: 193.90379333496094
    ReactionCommand: 0
    RotationX: 0
    RotationY: 0.9793304204940796
    RotationZ: 0
    Serial: 37
    SpawnArgument: 0
    SpawnDelay: 15
    SpawnRange: 0
    SpawnType: 2
  EventActivators:
  - Flags: 0
    OffBgGroup: 0
    OnBgGroup: 0
    Option: 0
    PositionX: 10.631560325622559
    PositionY: -125
    PositionZ: -1.8243099451065063
    RotationX: 0
    RotationY: 0
    RotationZ: 0
    ScaleX: 565.25
    ScaleY: 175
    ScaleZ: 555.3300170898438
    Shape: 1
    Type: 0
  Flag: 0
  Id: 197
  ReturnParameters:
  - Argument04: 0
    Argument08: 0
    Argument0c: 0
    EntryType: 0
    Id: 0
    Rate: 0
    Type: 0
  - Argument04: 0
    Argument08: 0
    Argument0c: 0
    EntryType: 0
    Id: 0
    Rate: 0
    Type: 0
  - Argument04: 0
    Argument08: 0
    Argument0c: 0
    EntryType: 0
    Id: 0
    Rate: 0
    Type: 0
  Signals: []
  Teleport:
    Door: 0
    Place: 0
    Unknown: 0
    World: 0
  Type: 2
  Unk20: 0
  Unk24: 0
  WalkPath: []
