- Entities:
  - Argument1: 0
    Argument2: 0
    Command: 0
    Level: 0
    Medal: 0
    ObjectId: 1671
    PositionX: 7.009122848510742
    PositionY: -6.507334910565987e-05
    PositionZ: 539.3225708007812
    ReactionCommand: 0
    RotationX: 0
    RotationY: 0.6888505816459656
    RotationZ: 0
    Serial: 19
    SpawnArgument: 0
    SpawnDelay: 0
    SpawnRange: 0
    SpawnType: 2
  - Argument1: 0
    Argument2: 0
    Command: 0
    Level: 0
    Medal: 0
    ObjectId: 1671
    PositionX: 483.7467956542969
    PositionY: -6.507334910565987e-05
    PositionZ: -39.66025924682617
    ReactionCommand: 0
    RotationX: 0
    RotationY: 0.6888505816459656
    RotationZ: 0
    Serial: 17
    SpawnArgument: 0
    SpawnDelay: 0
    SpawnRange: 0
    SpawnType: 2
  - Argument1: 0
    Argument2: 0
    Command: 0
    Level: 0
    Medal: 0
    ObjectId: 1671
    PositionX: -24.854639053344727
    PositionY: -6.507334910565987e-05
    PositionZ: -523.2142944335938
    ReactionCommand: 0
    RotationX: 0
    RotationY: 0.6888505816459656
    RotationZ: 0
    Serial: 16
    SpawnArgument: 0
    SpawnDelay: 0
    SpawnRange: 0
    SpawnType: 2
  - Argument1: 0
    Argument2: 0
    Command: 0
    Level: 0
    Medal: 0
    ObjectId: 1671
    PositionX: -526.5584716796875
    PositionY: -6.507334910565987e-05
    PositionZ: 164.74879455566406
    ReactionCommand: 0
    RotationX: 0
    RotationY: 0.6888505816459656
    RotationZ: 0
    Serial: 18
    SpawnArgument: 0
    SpawnDelay: 0
    SpawnRange: 0
    SpawnType: 2
  EventActivators:
  - Flags: 0
    OffBgGroup: 0
    OnBgGroup: 0
    Option: 0
    PositionX: -2.695250988006592
    PositionY: -50
    PositionZ: -16.36598014831543
    RotationX: 0
    RotationY: -2.3682861328125
    RotationZ: 0
    ScaleX: 174.5843048095703
    ScaleY: 100
    ScaleZ: 189.195556640625
    Shape: 1
    Type: 0
  Flag: 0
  Id: 123
  ReturnParameters: []
  Signals: []
  Teleport:
    Door: 0
    Place: 0
    Unknown: 0
    World: 0
  Type: 2
  Unk20: 0
  Unk24: 0
  WalkPath: []
