- Entities:
  - Argument1: 99
    Argument2: 0
    Command: 0
    Level: 0
    Medal: 0
    ObjectId: 318
    PositionX: 236.3031005859375
    PositionY: -7.123209070414305e-05
    PositionZ: 339.5119934082031
    ReactionCommand: 0
    RotationX: 0
    RotationY: 0.6888505816459656
    RotationZ: 0
    Serial: 23
    SpawnArgument: 0
    SpawnDelay: 15
    SpawnRange: 0
    SpawnType: 2
  - Argument1: 99
    Argument2: 0
    Command: 0
    Level: 0
    Medal: 0
    ObjectId: 318
    PositionX: 170.4387969970703
    PositionY: -9.95510199572891e-05
    PositionZ: 26.203950881958008
    ReactionCommand: 0
    RotationX: 0
    RotationY: 0.6888505816459656
    RotationZ: 0
    Serial: 21
    SpawnArgument: 0
    SpawnDelay: 15
    SpawnRange: 0
    SpawnType: 2
  - Argument1: 99
    Argument2: 0
    Command: 0
    Level: 0
    Medal: 0
    ObjectId: 318
    PositionX: -61.154300689697266
    PositionY: -0.00013768889766652137
    PositionZ: -164.49110412597656
    ReactionCommand: 0
    RotationX: 0
    RotationY: 0.6888505816459656
    RotationZ: 0
    Serial: 20
    SpawnArgument: 0
    SpawnDelay: 15
    SpawnRange: 0
    SpawnType: 2
  - Argument1: 99
    Argument2: 0
    Command: 0
    Level: 0
    Medal: 0
    ObjectId: 318
    PositionX: -381.2785949707031
    PositionY: 3.730913158506155e-05
    PositionZ: -169.00819396972656
    ReactionCommand: 0
    RotationX: 0
    RotationY: 0.6888505816459656
    RotationZ: 0
    Serial: 22
    SpawnArgument: 0
    SpawnDelay: 15
    SpawnRange: 0
    SpawnType: 2
  EventActivators:
  - Flags: 0
    OffBgGroup: 0
    OnBgGroup: 0
    Option: 0
    PositionX: 57.30447006225586
    PositionY: -50
    PositionZ: 44.27909851074219
    RotationX: 0
    RotationY: -2.3682861328125
    RotationZ: 0
    ScaleX: 744.39501953125
    ScaleY: 100
    ScaleZ: 596.4749755859375
    Shape: 1
    Type: 0
  Flag: 0
  Id: 145
  ReturnParameters: []
  Signals: []
  Teleport:
    Door: 0
    Place: 0
    Unknown: 0
    World: 0
  Type: 2
  Unk20: 0
  Unk24: 0
  WalkPath: []
