- Entities:
  - Argument1: 0
    Argument2: 0
    Command: 0
    Level: 0
    Medal: 0
    ObjectId: 120
    PositionX: 761.4384155273438
    PositionY: 4.9581298828125
    PositionZ: -270.6820983886719
    ReactionCommand: 0
    RotationX: 0
    RotationY: 0
    RotationZ: 0
    Serial: 44
    SpawnArgument: 0
    SpawnDelay: 0
    SpawnRange: 0
    SpawnType: 2
  - Argument1: 0
    Argument2: 0
    Command: 0
    Level: 0
    Medal: 0
    ObjectId: 2025
    PositionX: 661.4384155273438
    PositionY: -400
    PositionZ: 29.317869186401367
    ReactionCommand: 0
    RotationX: 0
    RotationY: 0
    RotationZ: 0
    Serial: 46
    SpawnArgument: 0
    SpawnDelay: 0
    SpawnRange: 0
    SpawnType: 2
  - Argument1: 0
    Argument2: 0
    Command: 0
    Level: 0
    Medal: 0
    ObjectId: 120
    PositionX: 811.4384155273438
    PositionY: 11.856780052185059
    PositionZ: 329.3179016113281
    ReactionCommand: 0
    RotationX: 0
    RotationY: 0
    RotationZ: 0
    Serial: 47
    SpawnArgument: 0
    SpawnDelay: 0
    SpawnRange: 0
    SpawnType: 2
  EventActivators:
  - Flags: 0
    OffBgGroup: 0
    OnBgGroup: 0
    Option: 0
    PositionX: -314.68701171875
    PositionY: -325
    PositionZ: 7.973758220672607
    RotationX: 0
    RotationY: -1.5959300994873047
    RotationZ: 0
    ScaleX: 359.01348876953125
    ScaleY: 175
    ScaleZ: 81.197998046875
    Shape: 0
    Type: 0
  Flag: 0
  Id: 100
  ReturnParameters: []
  Signals: []
  Teleport:
    Door: 0
    Place: 0
    Unknown: 0
    World: 0
  Type: 2
  Unk20: 0
  Unk24: 0
  WalkPath: []
- Entities:
  - Argument1: 0
    Argument2: 0
    Command: 0
    Level: 0
    Medal: 0
    ObjectId: 120
    PositionX: 560.5676879882812
    PositionY: -400
    PositionZ: -357.8450012207031
    ReactionCommand: 0
    RotationX: 0
    RotationY: 0
    RotationZ: 0
    Serial: 19
    SpawnArgument: 0
    SpawnDelay: 25
    SpawnRange: 0
    SpawnType: 2
  - Argument1: 0
    Argument2: 0
    Command: 0
    Level: 0
    Medal: 0
    ObjectId: 120
    PositionX: 1160.5679931640625
    PositionY: -400
    PositionZ: -257.8450012207031
    ReactionCommand: 0
    RotationX: 0
    RotationY: 0
    RotationZ: 0
    Serial: 20
    SpawnArgument: 0
    SpawnDelay: 25
    SpawnRange: 0
    SpawnType: 2
  - Argument1: 0
    Argument2: 0
    Command: 0
    Level: 0
    Medal: 0
    ObjectId: 120
    PositionX: 510.56768798828125
    PositionY: -400
    PositionZ: 342.1549987792969
    ReactionCommand: 0
    RotationX: 0
    RotationY: 0
    RotationZ: 0
    Serial: 21
    SpawnArgument: 0
    SpawnDelay: 25
    SpawnRange: 0
    SpawnType: 2
  - Argument1: 0
    Argument2: 0
    Command: 0
    Level: 0
    Medal: 0
    ObjectId: 120
    PositionX: 960.5676879882812
    PositionY: -400
    PositionZ: 242.15499877929688
    ReactionCommand: 0
    RotationX: 0
    RotationY: 0
    RotationZ: 0
    Serial: 22
    SpawnArgument: 0
    SpawnDelay: 25
    SpawnRange: 0
    SpawnType: 2
  EventActivators:
  - Flags: 0
    OffBgGroup: 0
    OnBgGroup: 0
    Option: 0
    PositionX: 673.3930053710938
    PositionY: -195
    PositionZ: -81.5302963256836
    RotationX: 0
    RotationY: -1.5959300994873047
    RotationZ: 0
    ScaleX: 1206.18505859375
    ScaleY: 275
    ScaleZ: 926.8499755859375
    Shape: 0
    Type: 0
  Flag: 1
  Id: 101
  ReturnParameters: []
  Signals:
  - Action: 0
    Argument: 100
    Padding05: 0
    Padding06: 0
    Padding07: 0
    SignalId: 3
  Teleport:
    Door: 0
    Place: 0
    Unknown: 0
    World: 25
  Type: 2
  Unk20: 0
  Unk24: 0
  WalkPath: []
