- Entities:
  - Argument1: 0
    Argument2: 0
    Command: 0
    Level: 0
    Medal: 0
    ObjectId: 1831
    PositionX: 541.7424926757812
    PositionY: -0.00036823799018748105
    PositionZ: -304.87298583984375
    ReactionCommand: 0
    RotationX: 0
    RotationY: -3.1415927410125732
    RotationZ: 0
    Serial: 29
    SpawnArgument: 0
    SpawnDelay: 0
    SpawnRange: 0
    SpawnType: 0
  - Argument1: 0
    Argument2: 0
    Command: 0
    Level: 0
    Medal: 0
    ObjectId: 1831
    PositionX: -358.25750732421875
    PositionY: -0.00036823799018748105
    PositionZ: -354.87298583984375
    ReactionCommand: 0
    RotationX: 0
    RotationY: -3.1415927410125732
    RotationZ: 0
    Serial: 32
    SpawnArgument: 0
    SpawnDelay: 0
    SpawnRange: 0
    SpawnType: 0
  - Argument1: 0
    Argument2: 0
    Command: 0
    Level: 0
    Medal: 0
    ObjectId: 10
    PositionX: -108.25749969482422
    PositionY: -0.00036823799018748105
    PositionZ: -54.873008728027344
    ReactionCommand: 0
    RotationX: 0
    RotationY: -3.1415927410125732
    RotationZ: 0
    Serial: 33
    SpawnArgument: 0
    SpawnDelay: 0
    SpawnRange: 0
    SpawnType: 0
  - Argument1: 0
    Argument2: 0
    Command: 0
    Level: 0
    Medal: 0
    ObjectId: 10
    PositionX: 91.74253845214844
    PositionY: -0.00036823799018748105
    PositionZ: -654.8729858398438
    ReactionCommand: 0
    RotationX: 0
    RotationY: -3.1415927410125732
    RotationZ: 0
    Serial: 34
    SpawnArgument: 0
    SpawnDelay: 0
    SpawnRange: 0
    SpawnType: 0
  - Argument1: 0
    Argument2: 0
    Command: 0
    Level: 0
    Medal: 0
    ObjectId: 1831
    PositionX: 191.74249267578125
    PositionY: -0.00036823799018748105
    PositionZ: -104.87300109863281
    ReactionCommand: 0
    RotationX: 0
    RotationY: -3.1415927410125732
    RotationZ: 0
    Serial: 30
    SpawnArgument: 0
    SpawnDelay: 0
    SpawnRange: 0
    SpawnType: 0
  EventActivators: []
  Flag: 0
  Id: 46
  ReturnParameters: []
  Signals: []
  Teleport:
    Door: 0
    Place: 0
    Unknown: 0
    World: 20
  Type: 2
  Unk20: 0
  Unk24: 0
  WalkPath: []
