- Entities:
  - Argument1: 99
    Argument2: 0
    Command: 0
    Level: 0
    Medal: 0
    ObjectId: 318
    PositionX: -154.10049438476562
    PositionY: -800.0001220703125
    PositionZ: 610.0100708007812
    ReactionCommand: 0
    RotationX: 0
    RotationY: 0
    RotationZ: 0
    Serial: 92
    SpawnArgument: 0
    SpawnDelay: 0
    SpawnRange: 0
    SpawnType: 2
  - Argument1: 99
    Argument2: 0
    Command: 0
    Level: 0
    Medal: 0
    ObjectId: 318
    PositionX: 145.89950561523438
    PositionY: -800.0001220703125
    PositionZ: 610.0100708007812
    ReactionCommand: 0
    RotationX: 0
    RotationY: 0
    RotationZ: 0
    Serial: 93
    SpawnArgument: 0
    SpawnDelay: 0
    SpawnRange: 0
    SpawnType: 2
  EventActivators:
  - Flags: 0
    OffBgGroup: 0
    OnBgGroup: 0
    Option: 0
    PositionX: 4.467759132385254
    PositionY: -125
    PositionZ: 578.1102905273438
    RotationX: 0
    RotationY: 1.5707963705062866
    RotationZ: 0
    ScaleX: 286.9949645996094
    ScaleY: 175
    ScaleZ: 341.5044860839844
    Shape: 0
    Type: 0
  Flag: 0
  Id: 708
  ReturnParameters: []
  Signals: []
  Teleport:
    Door: 0
    Place: 0
    Unknown: 0
    World: 0
  Type: 2
  Unk20: 0
  Unk24: 0
  WalkPath: []
- Entities:
  - Argument1: 0
    Argument2: 0
    Command: 0
    Level: 0
    Medal: 0
    ObjectId: 316
    PositionX: -31.830829620361328
    PositionY: -0.00019052220159210265
    PositionZ: -803.8798828125
    ReactionCommand: 0
    RotationX: 0
    RotationY: 0
    RotationZ: 0
    Serial: 94
    SpawnArgument: 0
    SpawnDelay: 0
    SpawnRange: 0
    SpawnType: 2
  EventActivators:
  - Flags: 0
    OffBgGroup: 0
    OnBgGroup: 0
    Option: 0
    PositionX: -2.3910839557647705
    PositionY: -125
    PositionZ: -817.4257202148438
    RotationX: 0
    RotationY: 1.5707963705062866
    RotationZ: 0
    ScaleX: 364.63909912109375
    ScaleY: 175
    ScaleZ: 341.5044860839844
    Shape: 0
    Type: 0
  Flag: 0
  Id: 710
  ReturnParameters: []
  Signals: []
  Teleport:
    Door: 0
    Place: 0
    Unknown: 0
    World: 0
  Type: 2
  Unk20: 0
  Unk24: 0
  WalkPath: []
