- Entities:
  - Argument1: 99
    Argument2: 0
    Command: 0
    Level: 0
    Medal: 0
    ObjectId: 122
    PositionX: -158.35899353027344
    PositionY: -100.0000991821289
    PositionZ: -2332.340087890625
    ReactionCommand: 0
    RotationX: 0
    RotationY: -0.16160686314105988
    RotationZ: 0
    Serial: 98
    SpawnArgument: 0
    SpawnDelay: 25
    SpawnRange: 0
    SpawnType: 2
  - Argument1: 0
    Argument2: 0
    Command: 0
    Level: 0
    Medal: 0
    ObjectId: 2404
    PositionX: -503.7984924316406
    PositionY: -5.0728671340039e-05
    PositionZ: -2276.02392578125
    ReactionCommand: 0
    RotationX: 0
    RotationY: -0.16160686314105988
    RotationZ: 0
    Serial: 99
    SpawnArgument: 0
    SpawnDelay: 0
    SpawnRange: 0
    SpawnType: 2
  - Argument1: 0
    Argument2: 0
    Command: 0
    Level: 0
    Medal: 0
    ObjectId: 2404
    PositionX: -174.44940185546875
    PositionY: -5.0728671340039e-05
    PositionZ: -2431.037109375
    ReactionCommand: 0
    RotationX: 0
    RotationY: -0.16160686314105988
    RotationZ: 0
    Serial: 101
    SpawnArgument: 0
    SpawnDelay: 0
    SpawnRange: 0
    SpawnType: 2
  - Argument1: 0
    Argument2: 0
    Command: 0
    Level: 0
    Medal: 0
    ObjectId: 2404
    PositionX: 187.08050537109375
    PositionY: -5.0728671340039e-05
    PositionZ: -2388.656005859375
    ReactionCommand: 0
    RotationX: 0
    RotationY: -0.16160686314105988
    RotationZ: 0
    Serial: 100
    SpawnArgument: 0
    SpawnDelay: 0
    SpawnRange: 0
    SpawnType: 2
  EventActivators:
  - Flags: 0
    OffBgGroup: 0
    OnBgGroup: 0
    Option: 0
    PositionX: -157.906005859375
    PositionY: -125
    PositionZ: -2325.43310546875
    RotationX: 0
    RotationY: 1.4243775606155396
    RotationZ: 0
    ScaleX: 455.19573974609375
    ScaleY: 175
    ScaleZ: 577.6749877929688
    Shape: 0
    Type: 0
  Flag: 0
  Id: 743
  ReturnParameters: []
  Signals: []
  Teleport:
    Door: 0
    Place: 0
    Unknown: 0
    World: 0
  Type: 2
  Unk20: 0
  Unk24: 0
  WalkPath: []
