- Entities:
  - Argument1: 0
    Argument2: 0
    Command: 0
    Level: 100
    Medal: 0
    ObjectId: 13
    PositionX: -9.824411392211914
    PositionY: -0.0001770489034242928
    PositionZ: -3438.087890625
    ReactionCommand: 0
    RotationX: 0
    RotationY: 0
    RotationZ: 0
    Serial: 415
    SpawnArgument: 1
    SpawnDelay: 0
    SpawnRange: 0
    SpawnType: 2
  - Argument1: 0
    Argument2: 0
    Command: 0
    Level: 0
    Medal: 0
    ObjectId: 13
    PositionX: -9.824411392211914
    PositionY: -0.0001770489034242928
    PositionZ: -3438.087890625
    ReactionCommand: 0
    RotationX: 0
    RotationY: 0
    RotationZ: 0
    Serial: 416
    SpawnArgument: 0
    SpawnDelay: 0
    SpawnRange: 0
    SpawnType: 0
  EventActivators:
  - Flags: 0
    OffBgGroup: 0
    OnBgGroup: 0
    Option: 0
    PositionX: -1768.3499755859375
    PositionY: -600
    PositionZ: -1742.0799560546875
    RotationX: 0
    RotationY: 0.05654887855052948
    RotationZ: 0
    ScaleX: 560.22998046875
    ScaleY: 100
    ScaleZ: 491.4595031738281
    Shape: 2
    Type: 0
  Flag: 0
  Id: 436
  ReturnParameters: []
  Signals: []
  Teleport:
    Door: 0
    Place: 0
    Unknown: 0
    World: 0
  Type: 2
  Unk20: 30
  Unk24: 0
  WalkPath: []
