- Entities:
  - Argument1: 0
    Argument2: 10
    Command: 0
    Level: 0
    Medal: 0
    ObjectId: 1875
    PositionX: 350
    PositionY: -0.0001509865978732705
    PositionZ: -99.99996948242188
    ReactionCommand: 0
    RotationX: 0
    RotationY: 3.1415927410125732
    RotationZ: 0
    Serial: 603
    SpawnArgument: 0
    SpawnDelay: 0
    SpawnRange: 0
    SpawnType: 3
  - Argument1: 0
    Argument2: 10
    Command: 0
    Level: 0
    Medal: 0
    ObjectId: 1875
    PositionX: -350
    PositionY: -0.0001509865978732705
    PositionZ: -100
    ReactionCommand: 0
    RotationX: 0
    RotationY: 3.1415927410125732
    RotationZ: 0
    Serial: 1589
    SpawnArgument: 0
    SpawnDelay: 0
    SpawnRange: 0
    SpawnType: 3
  - Argument1: 36
    Argument2: 0
    Command: 0
    Level: 0
    Medal: 0
    ObjectId: 367
    PositionX: -8.742277714191005e-06
    PositionY: -0.0001509865978732705
    PositionZ: -350
    ReactionCommand: 0
    RotationX: 0
    RotationY: 3.1415927410125732
    RotationZ: 0
    Serial: 1590
    SpawnArgument: 0
    SpawnDelay: 0
    SpawnRange: 0
    SpawnType: 3
  - Argument1: 0
    Argument2: 10
    Command: 0
    Level: 0
    Medal: 0
    ObjectId: 1875
    PositionX: -3.9340251532848924e-05
    PositionY: -0.0001509865978732705
    PositionZ: 0
    ReactionCommand: 0
    RotationX: 0
    RotationY: 3.1415927410125732
    RotationZ: 0
    Serial: 1591
    SpawnArgument: 0
    SpawnDelay: 0
    SpawnRange: 0
    SpawnType: 3
  EventActivators: []
  Flag: 0
  Id: 1562
  ReturnParameters: []
  Signals: []
  Teleport:
    Door: 0
    Place: 0
    Unknown: 0
    World: 0
  Type: 1
  Unk20: 0
  Unk24: 0
  WalkPath: []
