- Entities:
  - Argument1: 1
    Argument2: 0
    Command: 0
    Level: 0
    Medal: 0
    ObjectId: 74
    PositionX: 4.371138857095502e-06
    PositionY: -0.0001509865978732705
    PositionZ: -500
    ReactionCommand: 0
    RotationX: 0
    RotationY: 3.1415927410125732
    RotationZ: 0
    Serial: 606
    SpawnArgument: 0
    SpawnDelay: 0
    SpawnRange: 0
    SpawnType: 3
  - Argument1: 0
    Argument2: 0
    Command: 0
    Level: 0
    Medal: 0
    ObjectId: 124
    PositionX: -6.993822171352804e-05
    PositionY: -0.0001509865978732705
    PositionZ: 350
    ReactionCommand: 0
    RotationX: 0
    RotationY: 1.7484551051438757e-07
    RotationZ: 0
    Serial: 1360
    SpawnArgument: 0
    SpawnDelay: 0
    SpawnRange: 0
    SpawnType: 3
  - Argument1: 0
    Argument2: 0
    Command: 0
    Level: 0
    Medal: 0
    ObjectId: 124
    PositionX: -350
    PositionY: -0.0001509865978732705
    PositionZ: -3.059797018067911e-05
    ReactionCommand: 0
    RotationX: 0
    RotationY: 1.5707963705062866
    RotationZ: 0
    Serial: 1592
    SpawnArgument: 0
    SpawnDelay: 0
    SpawnRange: 0
    SpawnType: 3
  - Argument1: 0
    Argument2: 0
    Command: 0
    Level: 0
    Medal: 0
    ObjectId: 124
    PositionX: 350
    PositionY: -0.0001509865978732705
    PositionZ: -49.999969482421875
    ReactionCommand: 0
    RotationX: 0
    RotationY: -1.5707961320877075
    RotationZ: 0
    Serial: 607
    SpawnArgument: 0
    SpawnDelay: 0
    SpawnRange: 0
    SpawnType: 3
  EventActivators: []
  Flag: 0
  Id: 1594
  ReturnParameters: []
  Signals: []
  Teleport:
    Door: 0
    Place: 0
    Unknown: 0
    World: 0
  Type: 1
  Unk20: 0
  Unk24: 0
  WalkPath: []
