- Entities:
  - Argument1: 0
    Argument2: 0
    Command: 0
    Level: 0
    Medal: 0
    ObjectId: 1776
    PositionX: 297.072509765625
    PositionY: -100.00019836425781
    PositionZ: -254.2958984375
    ReactionCommand: 0
    RotationX: 0
    RotationY: 3.1415927410125732
    RotationZ: 0
    Serial: 1577
    SpawnArgument: 0
    SpawnDelay: 0
    SpawnRange: 0
    SpawnType: 3
  - Argument1: 0
    Argument2: 0
    Command: 0
    Level: 0
    Medal: 0
    ObjectId: 121
    PositionX: 147.07249450683594
    PositionY: -200.0001983642578
    PositionZ: -454.2958984375
    ReactionCommand: 0
    RotationX: 0
    RotationY: 3.1415927410125732
    RotationZ: 0
    Serial: 1579
    SpawnArgument: 0
    SpawnDelay: 0
    SpawnRange: 0
    SpawnType: 3
  - Argument1: 0
    Argument2: 0
    Command: 0
    Level: 0
    Medal: 0
    ObjectId: 1776
    PositionX: -302.927490234375
    PositionY: -100.00019836425781
    PositionZ: -254.2958984375
    ReactionCommand: 0
    RotationX: 0
    RotationY: 3.1415927410125732
    RotationZ: 0
    Serial: 1580
    SpawnArgument: 0
    SpawnDelay: 0
    SpawnRange: 0
    SpawnType: 3
  - Argument1: 0
    Argument2: 0
    Command: 0
    Level: 0
    Medal: 0
    ObjectId: 121
    PositionX: -202.92750549316406
    PositionY: -200.0001983642578
    PositionZ: -454.2958984375
    ReactionCommand: 0
    RotationX: 0
    RotationY: 3.1415927410125732
    RotationZ: 0
    Serial: 1696
    SpawnArgument: 0
    SpawnDelay: 0
    SpawnRange: 0
    SpawnType: 3
  EventActivators: []
  Flag: 0
  Id: 1626
  ReturnParameters: []
  Signals: []
  Teleport:
    Door: 0
    Place: 0
    Unknown: 0
    World: 0
  Type: 1
  Unk20: 0
  Unk24: 0
  WalkPath: []
