- Entities:
  - Argument1: 99
    Argument2: 0
    Command: 0
    Level: 0
    Medal: 0
    ObjectId: 310
    PositionX: -399.9999084472656
    PositionY: -0.0001509865978732705
    PositionZ: -450.0000915527344
    ReactionCommand: 0
    RotationX: 0
    RotationY: 3.1415927410125732
    RotationZ: 0
    Serial: 754
    SpawnArgument: 0
    SpawnDelay: 0
    SpawnRange: 0
    SpawnType: 3
  - Argument1: 99
    Argument2: 0
    Command: 0
    Level: 0
    Medal: 0
    ObjectId: 318
    PositionX: 5.682479968527332e-05
    PositionY: 0
    PositionZ: -650
    ReactionCommand: 0
    RotationX: 0
    RotationY: 3.1415927410125732
    RotationZ: 0
    Serial: 755
    SpawnArgument: 0
    SpawnDelay: 0
    SpawnRange: 0
    SpawnType: 3
  - Argument1: 99
    Argument2: 0
    Command: 0
    Level: 0
    Medal: 0
    ObjectId: 310
    PositionX: 450.0000915527344
    PositionY: -0.0001509865978732705
    PositionZ: -449.9999084472656
    ReactionCommand: 0
    RotationX: 0
    RotationY: 3.1415927410125732
    RotationZ: 0
    Serial: 756
    SpawnArgument: 0
    SpawnDelay: 0
    SpawnRange: 0
    SpawnType: 3
  - Argument1: 99
    Argument2: 0
    Command: 0
    Level: 0
    Medal: 0
    ObjectId: 310
    PositionX: 150
    PositionY: 0
    PositionZ: -250
    ReactionCommand: 0
    RotationX: 0
    RotationY: 3.1415927410125732
    RotationZ: 0
    Serial: 757
    SpawnArgument: 0
    SpawnDelay: 0
    SpawnRange: 0
    SpawnType: 3
  - Argument1: 99
    Argument2: 0
    Command: 0
    Level: 0
    Medal: 0
    ObjectId: 310
    PositionX: -99.9999771118164
    PositionY: 0
    PositionZ: -250
    ReactionCommand: 0
    RotationX: 0
    RotationY: 3.1415927410125732
    RotationZ: 0
    Serial: 758
    SpawnArgument: 0
    SpawnDelay: 0
    SpawnRange: 0
    SpawnType: 3
  EventActivators: []
  Flag: 0
  Id: 2139
  ReturnParameters: []
  Signals: []
  Teleport:
    Door: 0
    Place: 0
    Unknown: 0
    World: 0
  Type: 2
  Unk20: 60
  Unk24: 0
  WalkPath: []
