- Entities:
  - Argument1: 99
    Argument2: 0
    Command: 0
    Level: 0
    Medal: 0
    ObjectId: 310
    PositionX: 99.99999237060547
    PositionY: -0.0001509865978732705
    PositionZ: -400
    ReactionCommand: 0
    RotationX: 0
    RotationY: 3.1415927410125732
    RotationZ: 0
    Serial: 853
    SpawnArgument: 0
    SpawnDelay: 0
    SpawnRange: 0
    SpawnType: 3
  - Argument1: 99
    Argument2: 0
    Command: 0
    Level: 0
    Medal: 0
    ObjectId: 310
    PositionX: -100
    PositionY: -0.0001509865978732705
    PositionZ: -400
    ReactionCommand: 0
    RotationX: 0
    RotationY: 3.1415927410125732
    RotationZ: 0
    Serial: 854
    SpawnArgument: 0
    SpawnDelay: 0
    SpawnRange: 0
    SpawnType: 3
  - Argument1: 99
    Argument2: 0
    Command: 0
    Level: 0
    Medal: 0
    ObjectId: 318
    PositionX: 300
    PositionY: -0.0001509865978732705
    PositionZ: -500
    ReactionCommand: 0
    RotationX: 0
    RotationY: 3.1415927410125732
    RotationZ: 0
    Serial: 855
    SpawnArgument: 0
    SpawnDelay: 0
    SpawnRange: 0
    SpawnType: 3
  - Argument1: 99
    Argument2: 0
    Command: 0
    Level: 0
    Medal: 0
    ObjectId: 318
    PositionX: -300
    PositionY: -0.0001509865978732705
    PositionZ: -500
    ReactionCommand: 0
    RotationX: 0
    RotationY: 3.1415927410125732
    RotationZ: 0
    Serial: 856
    SpawnArgument: 0
    SpawnDelay: 0
    SpawnRange: 0
    SpawnType: 3
  - Argument1: 0
    Argument2: 0
    Command: 0
    Level: 0
    Medal: 0
    ObjectId: 316
    PositionX: 1.748456088535022e-05
    PositionY: -0.0001509865978732705
    PositionZ: -650
    ReactionCommand: 0
    RotationX: 0
    RotationY: 3.1415927410125732
    RotationZ: 0
    Serial: 857
    SpawnArgument: 0
    SpawnDelay: 0
    SpawnRange: 0
    SpawnType: 3
  EventActivators: []
  Flag: 0
  Id: 2532
  ReturnParameters: []
  Signals: []
  Teleport:
    Door: 0
    Place: 0
    Unknown: 0
    World: 0
  Type: 1
  Unk20: 0
  Unk24: 0
  WalkPath: []
