- Entities:
  - Argument1: 99
    Argument2: 0
    Command: 0
    Level: 0
    Medal: 0
    ObjectId: 318
    PositionX: -100.0000991821289
    PositionY: -0.0001509865978732705
    PositionZ: 150
    ReactionCommand: 0
    RotationX: 0
    RotationY: 3.1415927410125732
    RotationZ: 0
    Serial: 908
    SpawnArgument: 0
    SpawnDelay: 0
    SpawnRange: 0
    SpawnType: 0
  - Argument1: 99
    Argument2: 0
    Command: 0
    Level: 0
    Medal: 0
    ObjectId: 318
    PositionX: -350.0000915527344
    PositionY: -0.0001509865978732705
    PositionZ: 150
    ReactionCommand: 0
    RotationX: 0
    RotationY: 3.1415927410125732
    RotationZ: 0
    Serial: 909
    SpawnArgument: 0
    SpawnDelay: 0
    SpawnRange: 0
    SpawnType: 0
  - Argument1: 99
    Argument2: 0
    Command: 0
    Level: 0
    Medal: 0
    ObjectId: 318
    PositionX: 349.9999084472656
    PositionY: -0.0001509865978732705
    PositionZ: 150
    ReactionCommand: 0
    RotationX: 0
    RotationY: 3.1415927410125732
    RotationZ: 0
    Serial: 910
    SpawnArgument: 0
    SpawnDelay: 0
    SpawnRange: 0
    SpawnType: 0
  - Argument1: 99
    Argument2: 0
    Command: 0
    Level: 0
    Medal: 0
    ObjectId: 318
    PositionX: 99.99994659423828
    PositionY: -0.0001509865978732705
    PositionZ: 150
    ReactionCommand: 0
    RotationX: 0
    RotationY: 3.1415927410125732
    RotationZ: 0
    Serial: 911
    SpawnArgument: 0
    SpawnDelay: 0
    SpawnRange: 0
    SpawnType: 0
  EventActivators: []
  Flag: 0
  Id: 2596
  ReturnParameters: []
  Signals: []
  Teleport:
    Door: 0
    Place: 0
    Unknown: 0
    World: 0
  Type: 1
  Unk20: 0
  Unk24: 0
  WalkPath: []
