- Entities:
  - Argument1: 36
    Argument2: 0
    Command: 0
    Level: 0
    Medal: 0
    ObjectId: 367
    PositionX: 400
    PositionY: -0.0001509865978732705
    PositionZ: -400
    ReactionCommand: 0
    RotationX: 0
    RotationY: -2.9452431201934814
    RotationZ: 0
    Serial: 1632
    SpawnArgument: 0
    SpawnDelay: 0
    SpawnRange: 0
    SpawnType: 3
  - Argument1: 36
    Argument2: 0
    Command: 0
    Level: 0
    Medal: 0
    ObjectId: 367
    PositionX: -400
    PositionY: -0.0001509865978732705
    PositionZ: -400
    ReactionCommand: 0
    RotationX: 0
    RotationY: 2.9452431201934814
    RotationZ: 0
    Serial: 1633
    SpawnArgument: 0
    SpawnDelay: 0
    SpawnRange: 0
    SpawnType: 3
  - Argument1: 0
    Argument2: 0
    Command: 0
    Level: 0
    Medal: 0
    ObjectId: 367
    PositionX: -4.371138857095502e-06
    PositionY: -0.0001509865978732705
    PositionZ: -400
    ReactionCommand: 0
    RotationX: 0
    RotationY: 3.1415927410125732
    RotationZ: 0
    Serial: 1634
    SpawnArgument: 0
    SpawnDelay: 0
    SpawnRange: 0
    SpawnType: 3
  EventActivators: []
  Flag: 0
  Id: 4881
  ReturnParameters: []
  Signals: []
  Teleport:
    Door: 0
    Place: 0
    Unknown: 0
    World: 0
  Type: 1
  Unk20: 0
  Unk24: 0
  WalkPath: []
