- Entities:
  - Argument1: 0
    Argument2: 0
    Command: 0
    Level: 0
    Medal: 0
    ObjectId: 3
    PositionX: -1726.5689697265625
    PositionY: -2544.9990234375
    PositionZ: -139.65220642089844
    ReactionCommand: 0
    RotationX: 0
    RotationY: -2.437795639038086
    RotationZ: 0
    Serial: 20
    SpawnArgument: 0
    SpawnDelay: 8
    SpawnRange: 0
    SpawnType: 2
  - Argument1: 0
    Argument2: 0
    Command: 0
    Level: 0
    Medal: 0
    ObjectId: 3
    PositionX: -1505.8409423828125
    PositionY: -2584.9990234375
    PositionZ: -476.9643859863281
    ReactionCommand: 0
    RotationX: 0
    RotationY: -2.437795639038086
    RotationZ: 0
    Serial: 19
    SpawnArgument: 0
    SpawnDelay: 8
    SpawnRange: 0
    SpawnType: 2
  - Argument1: 0
    Argument2: 0
    Command: 0
    Level: 0
    Medal: 0
    ObjectId: 3
    PositionX: -1488.550048828125
    PositionY: -2604.9990234375
    PositionZ: -265.5382080078125
    ReactionCommand: 0
    RotationX: 0
    RotationY: -2.437795639038086
    RotationZ: 0
    Serial: 18
    SpawnArgument: 0
    SpawnDelay: 8
    SpawnRange: 0
    SpawnType: 2
  EventActivators:
  - Flags: 0
    OffBgGroup: 0
    OnBgGroup: 0
    Option: 0
    PositionX: -1634.760009765625
    PositionY: -2800
    PositionZ: -287.1650085449219
    RotationX: 0
    RotationY: -0.3019384741783142
    RotationZ: 0
    ScaleX: 585.260009765625
    ScaleY: 600
    ScaleZ: 583.719970703125
    Shape: 1
    Type: 0
  Flag: 0
  Id: 63
  ReturnParameters: []
  Signals: []
  Teleport:
    Door: 0
    Place: 0
    Unknown: 0
    World: 0
  Type: 2
  Unk20: 0
  Unk24: 0
  WalkPath: []
- Entities:
  - Argument1: 0
    Argument2: 0
    Command: 0
    Level: 0
    Medal: 0
    ObjectId: 3
    PositionX: -2648.214111328125
    PositionY: -2005
    PositionZ: 1283.68994140625
    ReactionCommand: 0
    RotationX: 0
    RotationY: -2.437795639038086
    RotationZ: 0
    Serial: 37
    SpawnArgument: 0
    SpawnDelay: 8
    SpawnRange: 0
    SpawnType: 2
  - Argument1: 0
    Argument2: 0
    Command: 0
    Level: 0
    Medal: 0
    ObjectId: 3
    PositionX: -2513.027099609375
    PositionY: -2005
    PositionZ: 1201.68701171875
    ReactionCommand: 0
    RotationX: 0
    RotationY: -2.437795639038086
    RotationZ: 0
    Serial: 21
    SpawnArgument: 0
    SpawnDelay: 8
    SpawnRange: 0
    SpawnType: 2
  EventActivators:
  - Flags: 0
    OffBgGroup: 0
    OnBgGroup: 0
    Option: 0
    PositionX: -2520.4150390625
    PositionY: -2318.054931640625
    PositionZ: 1238.5760498046875
    RotationX: 0
    RotationY: -0.3019384741783142
    RotationZ: 0
    ScaleX: 585.260009765625
    ScaleY: 600
    ScaleZ: 583.719970703125
    Shape: 1
    Type: 0
  Flag: 0
  Id: 64
  ReturnParameters: []
  Signals: []
  Teleport:
    Door: 0
    Place: 0
    Unknown: 0
    World: 0
  Type: 2
  Unk20: 0
  Unk24: 0
  WalkPath: []
