- Entities:
  - Argument1: 0
    Argument2: 0
    Command: 0
    Level: 0
    Medal: 0
    ObjectId: 121
    PositionX: -2247.012939453125
    PositionY: -2100
    PositionZ: 1765.4150390625
    ReactionCommand: 0
    RotationX: 0
    RotationY: -2.437788724899292
    RotationZ: 0
    Serial: 32
    SpawnArgument: 0
    SpawnDelay: 0
    SpawnRange: 0
    SpawnType: 2
  - Argument1: 0
    Argument2: 0
    Command: 0
    Level: 0
    Medal: 0
    ObjectId: 121
    PositionX: -2134.8779296875
    PositionY: -2150
    PositionZ: 1401.510986328125
    ReactionCommand: 0
    RotationX: 0
    RotationY: -2.437788724899292
    RotationZ: 0
    Serial: 31
    SpawnArgument: 0
    SpawnDelay: 0
    SpawnRange: 0
    SpawnType: 2
  EventActivators:
  - Flags: 0
    OffBgGroup: 0
    OnBgGroup: 0
    Option: 0
    PositionX: -2168.884033203125
    PositionY: -1945.9794921875
    PositionZ: 1603.5350341796875
    RotationX: 0
    RotationY: -1.421436071395874
    RotationZ: 0
    ScaleX: 369.5166015625
    ScaleY: 245.9794464111328
    ScaleZ: 431.9289855957031
    Shape: 0
    Type: 0
  Flag: 0
  Id: 159
  ReturnParameters: []
  Signals: []
  Teleport:
    Door: 0
    Place: 0
    Unknown: 0
    World: 0
  Type: 2
  Unk20: 0
  Unk24: 0
  WalkPath: []
- Entities:
  - Argument1: 0
    Argument2: 0
    Command: 0
    Level: 0
    Medal: 0
    ObjectId: 121
    PositionX: -1256.3690185546875
    PositionY: -3000
    PositionZ: 151.0924072265625
    ReactionCommand: 0
    RotationX: 0
    RotationY: -2.437788724899292
    RotationZ: 0
    Serial: 35
    SpawnArgument: 0
    SpawnDelay: 15
    SpawnRange: 0
    SpawnType: 2
  - Argument1: 0
    Argument2: 0
    Command: 0
    Level: 0
    Medal: 0
    ObjectId: 121
    PositionX: -886.701904296875
    PositionY: -3000
    PositionZ: 333.7027893066406
    ReactionCommand: 0
    RotationX: 0
    RotationY: -2.437788724899292
    RotationZ: 0
    Serial: 34
    SpawnArgument: 0
    SpawnDelay: 15
    SpawnRange: 0
    SpawnType: 2
  - Argument1: 0
    Argument2: 0
    Command: 0
    Level: 0
    Medal: 0
    ObjectId: 121
    PositionX: -997.5195922851562
    PositionY: -3000
    PositionZ: -153.86199951171875
    ReactionCommand: 0
    RotationX: 0
    RotationY: -2.437788724899292
    RotationZ: 0
    Serial: 33
    SpawnArgument: 0
    SpawnDelay: 15
    SpawnRange: 0
    SpawnType: 2
  EventActivators:
  - Flags: 0
    OffBgGroup: 0
    OnBgGroup: 0
    Option: 0
    PositionX: -1277.3260498046875
    PositionY: -2745.9794921875
    PositionZ: -200.1708984375
    RotationX: 0
    RotationY: 0.13101674616336823
    RotationZ: 0
    ScaleX: 442.7174377441406
    ScaleY: 245.97950744628906
    ScaleZ: 431.9289855957031
    Shape: 0
    Type: 0
  - Flags: 0
    OffBgGroup: 0
    OnBgGroup: 0
    Option: 0
    PositionX: -930.186279296875
    PositionY: -2895.9794921875
    PositionZ: 169.1905059814453
    RotationX: 0
    RotationY: 1.3989925384521484
    RotationZ: 0
    ScaleX: 406.09576416015625
    ScaleY: 245.97950744628906
    ScaleZ: 445.6924133300781
    Shape: 0
    Type: 0
  Flag: 0
  Id: 160
  ReturnParameters: []
  Signals: []
  Teleport:
    Door: 0
    Place: 0
    Unknown: 0
    World: 0
  Type: 2
  Unk20: 0
  Unk24: 0
  WalkPath: []
