- Entities:
  - Argument1: 99
    Argument2: 0
    Command: 0
    Level: 0
    Medal: 0
    ObjectId: 308
    PositionX: 212.64199829101562
    PositionY: -649.177001953125
    PositionZ: 302.1130065917969
    ReactionCommand: 0
    RotationX: 0
    RotationY: 3.1415927410125732
    RotationZ: 0
    Serial: 51
    SpawnArgument: 0
    SpawnDelay: 15
    SpawnRange: 0
    SpawnType: 2
  - Argument1: 99
    Argument2: 0
    Command: 0
    Level: 0
    Medal: 0
    ObjectId: 308
    PositionX: -287.3580017089844
    PositionY: -649.177001953125
    PositionZ: 302.1129150390625
    ReactionCommand: 0
    RotationX: 0
    RotationY: 3.1415927410125732
    RotationZ: 0
    Serial: 56
    SpawnArgument: 0
    SpawnDelay: 15
    SpawnRange: 0
    SpawnType: 2
  - Argument1: 99
    Argument2: 0
    Command: 0
    Level: 0
    Medal: 0
    ObjectId: 308
    PositionX: -37.35797882080078
    PositionY: -649.177001953125
    PositionZ: 302.1130065917969
    ReactionCommand: 0
    RotationX: 0
    RotationY: 3.1415927410125732
    RotationZ: 0
    Serial: 57
    SpawnArgument: 0
    SpawnDelay: 15
    SpawnRange: 0
    SpawnType: 2
  EventActivators:
  - Flags: 0
    OffBgGroup: 0
    OnBgGroup: 0
    Option: 0
    PositionX: -1369.550048828125
    PositionY: -1100
    PositionZ: 703.25
    RotationX: 0
    RotationY: 1.7781414985656738
    RotationZ: 0
    ScaleX: 192.24099731445312
    ScaleY: 100
    ScaleZ: 321.7829895019531
    Shape: 2
    Type: 0
  Flag: 0
  Id: 161
  ReturnParameters: []
  Signals: []
  Teleport:
    Door: 0
    Place: 0
    Unknown: 0
    World: 15
  Type: 2
  Unk20: 0
  Unk24: 0
  WalkPath: []
