- Entities:
  - Argument1: 99
    Argument2: 0
    Command: 0
    Level: 0
    Medal: 0
    ObjectId: 312
    PositionX: -177.24679565429688
    PositionY: 9.19377816899214e-06
    PositionZ: 83.95707702636719
    ReactionCommand: 0
    RotationX: 0
    RotationY: 0
    RotationZ: 0
    Serial: 20
    SpawnArgument: 0
    SpawnDelay: 0
    SpawnRange: 0
    SpawnType: 2
  - Argument1: 99
    Argument2: 0
    Command: 0
    Level: 0
    Medal: 0
    ObjectId: 312
    PositionX: -427.2467956542969
    PositionY: 9.19377816899214e-06
    PositionZ: 83.95707702636719
    ReactionCommand: 0
    RotationX: 0
    RotationY: 0
    RotationZ: 0
    Serial: 21
    SpawnArgument: 0
    SpawnDelay: 0
    SpawnRange: 0
    SpawnType: 2
  - Argument1: 99
    Argument2: 0
    Command: 0
    Level: 0
    Medal: 0
    ObjectId: 312
    PositionX: 122.7531967163086
    PositionY: 9.19377816899214e-06
    PositionZ: 83.95707702636719
    ReactionCommand: 0
    RotationX: 0
    RotationY: 0
    RotationZ: 0
    Serial: 22
    SpawnArgument: 0
    SpawnDelay: 0
    SpawnRange: 0
    SpawnType: 2
  - Argument1: 99
    Argument2: 0
    Command: 0
    Level: 0
    Medal: 0
    ObjectId: 312
    PositionX: 372.7532043457031
    PositionY: 9.19377816899214e-06
    PositionZ: 83.95707702636719
    ReactionCommand: 0
    RotationX: 0
    RotationY: 0
    RotationZ: 0
    Serial: 23
    SpawnArgument: 0
    SpawnDelay: 0
    SpawnRange: 0
    SpawnType: 2
  EventActivators:
  - Flags: 0
    OffBgGroup: 0
    OnBgGroup: 0
    Option: 0
    PositionX: -66.42205810546875
    PositionY: -125
    PositionZ: 32.305809020996094
    RotationX: 0
    RotationY: 1.6490784883499146
    RotationZ: 0
    ScaleX: 983.75
    ScaleY: 175
    ScaleZ: 1271.3599853515625
    Shape: 1
    Type: 0
  Flag: 0
  Id: 147
  ReturnParameters: []
  Signals: []
  Teleport:
    Door: 0
    Place: 0
    Unknown: 0
    World: 0
  Type: 2
  Unk20: 0
  Unk24: 0
  WalkPath: []
