- Entities:
  - Argument1: 90
    Argument2: 0
    Command: 0
    Level: 0
    Medal: 0
    ObjectId: 314
    PositionX: -256.5682067871094
    PositionY: 48.10443878173828
    PositionZ: -57.732059478759766
    ReactionCommand: 0
    RotationX: 0
    RotationY: 0
    RotationZ: 0
    Serial: 209
    SpawnArgument: 0
    SpawnDelay: 0
    SpawnRange: 0
    SpawnType: 2
  - Argument1: 99
    Argument2: 0
    Command: 0
    Level: 0
    Medal: 0
    ObjectId: 312
    PositionX: 143.43179321289062
    PositionY: -751.8956298828125
    PositionZ: -57.732059478759766
    ReactionCommand: 0
    RotationX: 0
    RotationY: 0
    RotationZ: 0
    Serial: 210
    SpawnArgument: 0
    SpawnDelay: 0
    SpawnRange: 0
    SpawnType: 2
  - Argument1: 99
    Argument2: 0
    Command: 0
    Level: 0
    Medal: 0
    ObjectId: 312
    PositionX: -456.5682067871094
    PositionY: -751.8956298828125
    PositionZ: 292.2679138183594
    ReactionCommand: 0
    RotationX: 0
    RotationY: 0
    RotationZ: 0
    Serial: 211
    SpawnArgument: 0
    SpawnDelay: 0
    SpawnRange: 0
    SpawnType: 2
  - Argument1: 99
    Argument2: 0
    Command: 0
    Level: 0
    Medal: 0
    ObjectId: 312
    PositionX: -406.5682067871094
    PositionY: -751.8956298828125
    PositionZ: -457.7320861816406
    ReactionCommand: 0
    RotationX: 0
    RotationY: 0
    RotationZ: 0
    Serial: 212
    SpawnArgument: 0
    SpawnDelay: 0
    SpawnRange: 0
    SpawnType: 2
  EventActivators:
  - Flags: 0
    OffBgGroup: 0
    OnBgGroup: 0
    Option: 0
    PositionX: -228.56320190429688
    PositionY: 0
    PositionZ: -40.689849853515625
    RotationX: 0
    RotationY: 0
    RotationZ: 0
    ScaleX: 920.5394897460938
    ScaleY: 200
    ScaleZ: 920.2410278320312
    Shape: 1
    Type: 0
  Flag: 0
  Id: 484
  ReturnParameters: []
  Signals: []
  Teleport:
    Door: 0
    Place: 0
    Unknown: 0
    World: 0
  Type: 2
  Unk20: 0
  Unk24: 0
  WalkPath: []
