- Entities:
  - Argument1: 0
    Argument2: 0
    Command: 0
    Level: 0
    Medal: 0
    ObjectId: 313
    PositionX: 166.898193359375
    PositionY: -1000
    PositionZ: -2014.760009765625
    ReactionCommand: 0
    RotationX: 0
    RotationY: 3.001589298248291
    RotationZ: 0
    Serial: 85
    SpawnArgument: 0
    SpawnDelay: 25
    SpawnRange: 0
    SpawnType: 2
  - Argument1: 0
    Argument2: 0
    Command: 0
    Level: 0
    Medal: 0
    ObjectId: 313
    PositionX: 307.74688720703125
    PositionY: -1353
    PositionZ: -2195.0390625
    ReactionCommand: 0
    RotationX: 0
    RotationY: -1.5707963705062866
    RotationZ: 0
    Serial: 86
    SpawnArgument: 0
    SpawnDelay: 25
    SpawnRange: 0
    SpawnType: 2
  - Argument1: 0
    Argument2: 0
    Command: 0
    Level: 0
    Medal: 0
    ObjectId: 313
    PositionX: -240.5930938720703
    PositionY: -1360
    PositionZ: -1989.5830078125
    ReactionCommand: 0
    RotationX: 0
    RotationY: 1.5707963705062866
    RotationZ: 0
    Serial: 87
    SpawnArgument: 0
    SpawnDelay: 15
    SpawnRange: 0
    SpawnType: 2
  EventActivators:
  - Flags: 0
    OffBgGroup: 0
    OnBgGroup: 0
    Option: 0
    PositionX: -265.1919860839844
    PositionY: -1240.823974609375
    PositionZ: -2761.321044921875
    RotationX: 0
    RotationY: 1.589645504951477
    RotationZ: 0
    ScaleX: 158.9980010986328
    ScaleY: 100
    ScaleZ: 167.30250549316406
    Shape: 2
    Type: 0
  Flag: 0
  Id: 160
  ReturnParameters:
  - Argument04: 0
    Argument08: 0
    Argument0c: 0
    EntryType: 0
    Id: 0
    Rate: 0
    Type: 0
  - Argument04: 0
    Argument08: 0
    Argument0c: 0
    EntryType: 0
    Id: 0
    Rate: 0
    Type: 0
  - Argument04: 0
    Argument08: 0
    Argument0c: 0
    EntryType: 0
    Id: 0
    Rate: 0
    Type: 0
  Signals: []
  Teleport:
    Door: 0
    Place: 30
    Unknown: 0
    World: 15
  Type: 2
  Unk20: 0
  Unk24: 0
  WalkPath: []
