- Entities:
  - Argument1: 0
    Argument2: 0
    Command: 0
    Level: 0
    Medal: 0
    ObjectId: 317
    PositionX: -9.750112533569336
    PositionY: -650.0772094726562
    PositionZ: 204.84080505371094
    ReactionCommand: 0
    RotationX: 0
    RotationY: 3.1415927410125732
    RotationZ: 0
    Serial: 55
    SpawnArgument: 0
    SpawnDelay: 45
    SpawnRange: 0
    SpawnType: 2
  - Argument1: 0
    Argument2: 0
    Command: 0
    Level: 0
    Medal: 0
    ObjectId: 317
    PositionX: -409.7500915527344
    PositionY: -650.0772094726562
    PositionZ: 254.84080505371094
    ReactionCommand: 0
    RotationX: 0
    RotationY: 2.7488934993743896
    RotationZ: 0
    Serial: 44
    SpawnArgument: 0
    SpawnDelay: 0
    SpawnRange: 0
    SpawnType: 2
  - Argument1: 0
    Argument2: 0
    Command: 0
    Level: 0
    Medal: 0
    ObjectId: 317
    PositionX: 390.2499084472656
    PositionY: -650.0772094726562
    PositionZ: 254.84080505371094
    ReactionCommand: 0
    RotationX: 0
    RotationY: -2.7488934993743896
    RotationZ: 0
    Serial: 45
    SpawnArgument: 0
    SpawnDelay: 0
    SpawnRange: 0
    SpawnType: 2
  EventActivators:
  - Flags: 0
    OffBgGroup: 0
    OnBgGroup: 0
    Option: 0
    PositionX: 1093.530029296875
    PositionY: -100
    PositionZ: 151.59210205078125
    RotationX: 0
    RotationY: 2.569824457168579
    RotationZ: 0
    ScaleX: 136.7449951171875
    ScaleY: 100
    ScaleZ: 113.47599792480469
    Shape: 2
    Type: 0
  Flag: 0
  Id: 161
  ReturnParameters:
  - Argument04: 0
    Argument08: 0
    Argument0c: 0
    EntryType: 0
    Id: 0
    Rate: 0
    Type: 0
  - Argument04: 0
    Argument08: 0
    Argument0c: 0
    EntryType: 0
    Id: 0
    Rate: 0
    Type: 0
  - Argument04: 0
    Argument08: 0
    Argument0c: 0
    EntryType: 0
    Id: 0
    Rate: 0
    Type: 0
  Signals: []
  Teleport:
    Door: 0
    Place: 0
    Unknown: 0
    World: 0
  Type: 2
  Unk20: 0
  Unk24: 0
  WalkPath: []
