- Entities:
  - Argument1: 0
    Argument2: 0
    Command: 0
    Level: 0
    Medal: 0
    ObjectId: 1833
    PositionX: 144.2570037841797
    PositionY: -100.0000991821289
    PositionZ: 2145.8798828125
    ReactionCommand: 0
    RotationX: 0
    RotationY: 0
    RotationZ: 0
    Serial: 59
    SpawnArgument: 0
    SpawnDelay: 15
    SpawnRange: 0
    SpawnType: 2
  - Argument1: 0
    Argument2: 0
    Command: 0
    Level: 0
    Medal: 0
    ObjectId: 2412
    PositionX: 344.2569885253906
    PositionY: 199.99989318847656
    PositionZ: 2245.8798828125
    ReactionCommand: 0
    RotationX: 0
    RotationY: 0.7853981852531433
    RotationZ: 0
    Serial: 61
    SpawnArgument: 0
    SpawnDelay: 8
    SpawnRange: 0
    SpawnType: 2
  - Argument1: 0
    Argument2: 0
    Command: 0
    Level: 0
    Medal: 0
    ObjectId: 2412
    PositionX: -155.7429962158203
    PositionY: 199.99989318847656
    PositionZ: 2045.8800048828125
    ReactionCommand: 0
    RotationX: 0
    RotationY: 1.3744467496871948
    RotationZ: 0
    Serial: 62
    SpawnArgument: 0
    SpawnDelay: 0
    SpawnRange: 0
    SpawnType: 2
  EventActivators:
  - Flags: 0
    OffBgGroup: 0
    OnBgGroup: 0
    Option: 0
    PositionX: 139.14849853515625
    PositionY: 25
    PositionZ: 2002.56103515625
    RotationX: 0
    RotationY: 0
    RotationZ: 0
    ScaleX: 820.739990234375
    ScaleY: 175
    ScaleZ: 723.7650146484375
    Shape: 1
    Type: 0
  Flag: 0
  Id: 47
  ReturnParameters: []
  Signals: []
  Teleport:
    Door: 0
    Place: 0
    Unknown: 0
    World: 0
  Type: 2
  Unk20: 0
  Unk24: 0
  WalkPath: []
- Entities:
  - Argument1: 0
    Argument2: 0
    Command: 0
    Level: 0
    Medal: 0
    ObjectId: 2412
    PositionX: -33.03152847290039
    PositionY: -600
    PositionZ: -50.702999114990234
    ReactionCommand: 0
    RotationX: 0
    RotationY: 0
    RotationZ: 0
    Serial: 26
    SpawnArgument: 0
    SpawnDelay: 25
    SpawnRange: 0
    SpawnType: 2
  - Argument1: 0
    Argument2: 0
    Command: 0
    Level: 0
    Medal: 0
    ObjectId: 1833
    PositionX: 516.9683837890625
    PositionY: -750
    PositionZ: 149.2969970703125
    ReactionCommand: 0
    RotationX: 0
    RotationY: 0
    RotationZ: 0
    Serial: 20
    SpawnArgument: 0
    SpawnDelay: 0
    SpawnRange: 0
    SpawnType: 2
  - Argument1: 0
    Argument2: 0
    Command: 0
    Level: 0
    Medal: 0
    ObjectId: 1833
    PositionX: -483.031494140625
    PositionY: -750
    PositionZ: 199.2969970703125
    ReactionCommand: 0
    RotationX: 0
    RotationY: 0
    RotationZ: 0
    Serial: 21
    SpawnArgument: 0
    SpawnDelay: 0
    SpawnRange: 0
    SpawnType: 2
  - Argument1: 0
    Argument2: 0
    Command: 0
    Level: 0
    Medal: 0
    ObjectId: 1833
    PositionX: 16.968469619750977
    PositionY: -750
    PositionZ: -350.7030029296875
    ReactionCommand: 0
    RotationX: 0
    RotationY: 0
    RotationZ: 0
    Serial: 22
    SpawnArgument: 0
    SpawnDelay: 0
    SpawnRange: 0
    SpawnType: 2
  EventActivators:
  - Flags: 0
    OffBgGroup: 0
    OnBgGroup: 0
    Option: 0
    PositionX: -60.859500885009766
    PositionY: -725
    PositionZ: -54.51517868041992
    RotationX: 0
    RotationY: 0
    RotationZ: 0
    ScaleX: 1297.613037109375
    ScaleY: 175
    ScaleZ: 469.64910888671875
    Shape: 0
    Type: 0
  Flag: 0
  Id: 48
  ReturnParameters: []
  Signals: []
  Teleport:
    Door: 0
    Place: 0
    Unknown: 0
    World: 0
  Type: 2
  Unk20: 0
  Unk24: 0
  WalkPath: []
